$ANSIBLE_VAULT;1.1;AES256
65373564306233393430383561383931396333383035313532303030376330626433343438376463
3738623538303339326135356630666466303131663866330a646562336538393532623234633835
63636532643530653531313937363230326533663735356635353539313634626462613934663938
3836323230643734360a343131336535666665306130373966613838323261616133353233343938
65386566616433333263666533663865666133613532313731373561356239656535313334653666
34323938366362626331353963366365393136376130343736626633323035653834333031623934
37633737636266343165356638653365376130613830663933396366663962643533333036616232
64346535643265363566366535383733353766303836653037306630326362623164383930323932
61616431316231376434666465346231326261393132636661353462663030353438353863393934
32333837656564623637356261303732326464336164333266363635636335373234613464373561
30303736383166653766323034613363663239363536663863663965343935666634393866636563
64653066643935623064326130376435386530613733653835623665316562393561646235383465
36616565396633616238346135313537646263363063353061313136386564333563363732346233
30663062373062343031383634393230376338333336323061643133646164366334646634373566
66663566303636393330396666636638386237336235653636393837306263313735333434336233
30633339373264633163376262383961306133303766373033636437393030613139663034393834
30666231663461633138373431326635613863353433633731303431646532666638306538393533
34323931346531616165623439646533623631633236656464376565616633616630383139303639
36363731363336303966663437313663373066643761383438616637343963306166386135633135
36633633336530303666653864323534316461343139376339346236653434306637306333653261
37323965643437633933313234313331336466316161616438386631346431613565386566316439
39346661653532346439303361653031396635663831346138363837323166303835646231633635
31326339373866366335336138373164383562363238393331376565346330653337653766616338
39663739353263356433663939626431386430383332373965623162366561613066623938666539
65643364653566633339333932353538303264653262306661363937303731313432313431613735
65333561346263613366653563323232653930356132636337353438393635333537653236643138
30386364333632613261663061376531363638623964643761333431666165316239326337353761
34623862313638366332326131306263383933623463626630353763633665386430356333346666
62326237663835346334316363663230353365333861643330396237663834613036333462613936
33383933366433633832653063633539376663643232393664656138633635336263373066353433
62643531323839376563613934383231356537343235653763323938663638353063626564323163
32306166336563623139346338393264643061333431343031333234393333623134376238643737
31303039396263356537646332383261353163353965356135333639363766313534313661623365
65663735376438633934356266636530373465666334323636356331653534316263373830316530
32316536633430643763643837336338393839613461613862346532393663383837343830343064
34636239373432663061366465653466643265343964656536366664626162623866653635656334
63653238356337303133303833333161623363646265633034356134613666613436653433353335
37636666363961656164353939376163623732356235613833623862613964653262663538666338
63393031336335643266326532633866616532616565656234373338323530616237373839363961
33653638313161373134366535616361343739366466363736346633393039383336613230666639
31303732383066313334303430333331643166313166343835363835366432633664623933343964
61666133623031663166626233336237303662663561316233353361343431323435363563323465
62393761653837626137356130636565373362396134366633303332623036326165646566346366
37393830653062306364633935316539376461323432663931396339343862643939343736353235
38386432663062326433663738663434613064636464393932306366386133386266353636326333
37383630393832633233363830363731646231613761616238386166363736616561363633623234
31343362356138663863353437393164623438373766396236353638663862366331656431616662
66393932343364396530663062376531306535333034386437613266616265643530633934646432
33393465366336306630363433613262323834306539303563663765333962653264323466623832
63663332666631336238363032353437623963613364653136333964633939326339383330353365
62656638373064333637393039366130333561376535636334663365646465353539653066386264
39323736666664623834653632323638303264326434313165393232323139366536626637313566
66616461326164633633313162613139303636636639396265366538653861393666643665326636
33333234376562353064643366613864656563333366306531613862646261333663616531383231
64326339326236636263366539613631313364636534366239646137323066373133313366326437
33633363643231663239376266383730626566353732616365643632663666633834393636346137
33323733303364316261356134303533306137373864356137343833386133373263373432636136
65313131646564616664666462613138326633336563313736626664363031393534653561653936
35356136373531383663626261626361633735666565323462613532643462373034346135613431
62646431363134326235626533643161303536343166613836396432366362646537396137623036
37633565363431636432623538663636386561343462633137626234343232363863343037383965
35383633333932366336616665666161313937363138386334623238313930396162323238353463
62653937633666356463313061653561313930646665396363363163373266333733366431633564
61353635333266363938393333396639326235643064643335326661383433333462383533323066
36323330653833613966333864306536343235353736626164353564303965333261653636643036
38656634323264383561663332346630623161633431646162636331383830323638653565326661
65373061343432306562663332613537376137316531636164376163333634613462346338386164
38636531336431326432356239336666663537376562633962356432613236643063613365666263
30656465383935396165616333626635393739623762646361623934623064396332313565316161
61656638613036623034323035393731396235663565636332313366316238373861326437396263
31663962393030633161303332383765666636383432396461653036656564643837366265393936
61613734343063663866666238343131336662396563653534663838346531376532373865636264
30353137643862636232323632613865643335656164353066333735303339616166333264316361
66613963623331363563626464376535316139386435626136323166333664663662316332303863
63323562356138383261613435373531656162313137323238663463333231373562383662346361
38356339343638313330663033386233323433353462323965643835343065363637336665313239
61623133303866393536633732633964373935383039643733353938383433373762396338306465
31376137626339353937336335323166623036366463393932376666316333363362653439353335
37313135373035653532616338663764643539303437363239643465326362343631303765376632
37633462616662313464313632643932343839373565306134643831373363323663393663663266
38643835336534646665666334633532376433376461343563313364363231613339333134373864
35366162373362636566373162663164646564653564616364646163656237306138616338316562
33643834336165656239616164623363373331366536656563326164613165363635636430653062
38363165343934636235353938623430323534396232633865303765393431313834383932636263
37326531623237633530353864613637396462643636383261663763336430633966626533353233
31396535393337633337306238313434396239646164333564326232353864336131613930383939
30313261303936646138333035396233646435636365663965383966366337393234303461356636
30373663626338313036653233613038353761623836393265623162323863393738393736353362
63333332303035306263643434393033396430356366333432313764326435666133663931323161
30333865663961663666663137393131323561343338623966353039363438626134353164383236
30326530636537383733303032326437633464623038386433316638343832613634366361313934
39376461366161656166353335663361323561316636346630303039393239316439366332386134
36326432623565396431376466633834306336376431333461386130386530623061303632393738
32656135393262313637313664373034393265336437346138343762636466653561396162363962
66306336393961303332326365623537333832653837323531346163613433363431343031663337
63613564306637303663663961623465613634333636306166376163613838666132333135633664
34303164306438623065383538653565623365663865346663383065643838613931393233346535
31313964313934653930303963666166373031316138303639613537303564623738626436653061
64306338663362643037333436623838666534386262353738653132303663633135343365383534
36363061373063343431363132623362316263313835336439333930306564313937323537326333
35353766303431373364393633316236663739363134313666316461623433613835393930366330
32356535353638326639653230643363626264346165343266616566363561613032396439356462
36643563613232633332303239333863336332626632326431396465626666363461383937616564
32376561383930623561636362396638663763303735313362353262626330336663653465623865
32306264393230336432393330363634613462663265313435356161313261663065303835666630
61393665653364616263643435393232363462353865306337663234626162303030373266623864
63383433653639333834633961363036306439366630363662613833393930613362393037356531
34323735653836363863396465323131323966623663313430333036346232306236633333363564
33346263623233626236333534653436383230306338656166343661383630643938653363363631
36386466663136333832353766336437336162646332663562643665613130393162353263376531
34306263356263643364363533613665616339623932643138393633666430303064613062376536
38396635343634613536373363306232353865343264373439343563656561666433613264643362
30636162303965353231373835393364373634386132323936396235613030633733616561666633
38653130363361666131323861616466363137613465663031316235616631333533633263303464
34306362626335633832383939356561306162306462343830343436656538333066663862323665
61613565626637333038303563313435626537643134343035383236656136393366633232373039
35633361383361356333323166646366373036393761386431663433366534366162373663346462
35326535336662323835326663303563373530353133336530373932313334623436396264373761
39326437396464383034666465623335656637363630626537306265666132613336386239626566
30616230656337396634376363346239613831323233636565663530396163373238663333353763
31346639373665303365616636663463373066306338376632656436323861653733303132396236
39386631323634633233353964373336646466326139333137363639656166366138366339383631
30386233373336346665363633616662393839656462383730396134646262396134313365643038
63343135333762333162653630333239636638353263653666313962376662323130336333333037
66376338623133376133636664623237623166666366666566373765636335636637353635326335
62303161613866386262613332313538616461623733626366363038353134613565623964393830
63366331306533656632616264383232363837343066396563633962323632393133323164386164
61313533303962343761386133643831306165393862623761323165343765646339636533396466
61646532373861376137356131343066643364376138306161623638613862336631393634363164
35636532343634373437353538333933393663666361333339653764323032613735346663323666
61306334646632333561353465326565373237643231646537653831376634356163666565376237
65666331393762333262343166623039383430346433313866626163643634336366356165616537
63353362616161386436656262353166323465303932333732333765376638343364663765373632
37383863663063396661356233303837343533643265626335366337363561306632353837636237
35666531366231653331386136613366393631633038653936303235366336363239653739353561
31383735393766383138626338393934616337643561303136383138396532343335333233626531
62376134346163313635313266653262633561646634646435663265616563383364663563393635
32356633623966366130633332303833666436343963383566643330383032653431623737646361
63386530313763303137396336653162313834323733306134366161636433646236623531303934
31616433656139393038633138316264313962616561643638386533303564323966383064323261
32326233353933616166323530323235323865356639623338343334646637633362386536663335
32366431623961646364616636386136633465343834303261383437366637343038323563666165
62643961313137643337333339313165393633333537333561623934323936663431363732623239
65353835336561303135306135376237633862316565393138346665616264663031656366636232
32383133323738643861313664356532306361663636653462383431363862653437623039326138
35666434366664336464346236653331646561373533323532323361326337636639383033373235
65643738306465373935623833353839373966313462336566626365303430613864613236386130
32306263336665376465386230656461626538333364336333303762623732393362633732343931
33333731633039656637656638656433376665303138306131376531613435353031396332666362
39323732353564633739303063353335373261363261303633633838346361346663393836333831
36313239306339636539343432383064623939623663613635653935346663616231343164323561
66373664316363353732376235343834633031363737313237633337663038656238623432353566
65303866663935656335666266616338346530363833393034343638323236356639306266353231
36613365396135656364623136333338666439313566623563663165633961386232353962313934
66376333376162383131373761323538653462323336343338303830316462613630303335393832
66396232316435363465636161623835386461386439656265326437313665303032373361313937
63346366636139666435373531616232313338366237623737643266343833376338666633393366
63336639363330663161383731346532633337373435356161613631613763383465313863356130
32393261663436383461636539646164396534386135356365636130303034373534633232326639
65633330643439346536656364633234363164643530303662376566393563336131313462366337
33623537386366306264663862643565653537613466383439646339653637336166623661636635
65636330626234613835383763396535653132393365313138633237363839336534373830663735
34343339616330643962363635366561333165336463646136316538643163303633316366323630
62363234396138353337396461303336633661313033373836326631303938663338393233333361
34663233326666373962666230613830346238643836613932306332373534623138636163353131
39323235323331323132343031303965386438393262356638336531373939306466393338393135
39316430346335373434306135306230376134643438363130656430393462386538306265623338
62356637393565626234623364663337636536613137643635303538356464626265336534636664
61333836393466353136336334646338666534646130333235346137663130303166666439336565
37626232626637363266353865346265333162646430326362613038386262373564373566393635
65343130383366393762303466373830363633326532323436383361346135653666383761633033
34626533663439653531663431393033393033646136326137383063323365653066343864346637
34363339643134643863393137653235316466613761303031343338343031313165666133663964
62616132313137353462626462386432393362326562313335333764633830343339366539636235
66653963383263363533646539666166396362613733616335373064303837653061633965313631
30326438633061633437346364353239343333383532613835383865666337356464626230626433
36393435383566326635613934616535316138653233353366646130353065616630613538633534
63653661616330656165333464613933323239356437333831356638363932666166643036643032
34633865303133366430383466656565396363313539336665616663666530613736356634313039
65386234663761303561343964333531326666653162373333393039633265646633353339613164
30396136623937383036363737353034646437666430386461646530336639366462383835643438
66613636386333386366343230313534613865306431636436616265353463363331623631653464
31653061363462393138386531343461643035633136333238663536613739353166653738323062
30663737633635323964616161306434616438396133623838663839343039623836343037623735
30363965633566613331643164636265346463626261613563366430303231396432633234623761
66336636613435646564643035636237666338646661656135646163373233666464616239353738
38653439663231646139643164643962663131666562333764333162366363393237323430323732
39353232363932653339623636336638303630646532653338616664313539353362643161646539
32633762663033656233303566323864333332616432646539633138353339303366363965366238
34386237643233626532623934633462356663343363633933663834373763623632653263326264
34633931356232306533353334396463636462393730303438396132363035393064373339356363
64646666356333386435393033396561376238333039376166656535336131383137303565376666
38613032663138396135376234343666623765393166383431393932616332323035353633626434
33623138306335343665633934303836303963393330383064613638323063653637623561326130
64383333373731393438323239383665323435383830633638393436343066393634363334333662
64326236383333653964613832643238353137313562323936643936363639353630356637396564
37636163356565383937616261643361313364656530613738363832646133333163396266356238
33393263616161643332316635666165663261613936663533643835613035393335383031313435
39623338303931333432396663376663383136323061656338363130646537333663333563373361
37303863353737326533373663353938633737633236393162333035656666636530393932656632
32663866626132653132366264663966353737353137333734623065613765666231626633376333
65616534663637616338303131633962336330366332616239366263376232626434323366613433
63353635373362613861656665633037303463316332393038643562396365663239313636376431
62613039383964393064353639303631383635323533383335386461346538663335366238613763
37366462653337366134386632333533613335646639306264323233633438343434663232643231
65346534633438386635306532646334636465633434306266346630666230393239653433636538
36396635356235643662306433363139663935323232646563346462316462323831353239623366
65623835383933623439316132663263363737636462666139396464643139393638643738383337
34313364623332353062373166613666636264356537643364313032323264336662333135393133
66623762333566343936666635663863633131646230613466326136313065336561353366636662
65613161616432663136623764396637393439653032366261313430393361313062356533363636
36366464383164353262343338373664383635313835636365376664343839666638386238616536
31383165373562613139353836383832386565666436313163323738323461353332626536626530
36363964323736343230636565306365653037626266623238306334663531393238383636373963
30666635616165303539643065653030616566313735636336666365623839383438313930396634
34633662306466666561326162393133313333306135613263336534353534393534646236613637
30616565643937613533393639643236333062636566333132366136383638346438633666626665
61386234376630316562343861663439363734306635316431363230633234653162323766376437
31396332363562303533333838316233643162346531353837393230316431666664633463366663
62363962666164313333336333613931386335333962393930666235393930343665303331653564
64633633336231383761626634626537356331306662363934356232333365376332376139643437
61383130303261353365373065336665376366376332336331653065373962386432363131333835
37636635383334303134336232323231316634336261633034623964386635313135336563636432
36613137633861376564313738333433386531643838343135353965336536663831363635623137
36313736626365373663373964316362303234333966613462393331623532303630333561646237
65616231653264646666353331646631633630636662306237313133343064393134663132316439
31393236303734626232613330313639663132643065383732383639353666353434376364316431
61386331613836383633323864383933396436653330626132376535663430326436663664323230
61346263396132393265316435353130356461303632313534373236323833346465313430396138
34326139386438623866396162646434336535386133643362363434303561666531636233366136
64356130386137383166623361656237353137326336366631633366646335316565376235663738
66396333383131623763656434643266353635636666623164393861323337363831306634636361
64383133623166316433373964666464393734303539333734666339316533643266386264666139
36613938323133363833613332356365363966323132633864393136636162663839313237383437
32643138313833383138366665646135366239613330366666653063613633326163313138316435
64373238376164303932613638646331343632626139313237346432373831313432353936396535
39306266336332653362353837656432643462656665623636346363373363626635393238396664
61643366613066306663656134623531343130613865333265396638393634353761313132643834
65646466616635343161303761616234373334643732373736383235323162333033386161373731
65363539613362373031626161353532373132623434643034346534626562363533623164623933
30366332633732366539633434383931386233616336626561666433353963336330653739383732
34336263656264633838343335323237373463316130636661323835343166366439373835663832
66663564326537616531626232616662333036366163646138326263643265396439393636343731
37376439376561646461636561613036316139643530376136326438376664663634663131386635
32383462323964366261353334636264646530316263653933366433633538376438346664616631
66613439306436623265336136623538623962343930396431663062623966373532333464343135
62313566626664323061383437376333623232666238376633376533383430333966303965373937
39616135313836373036646238366661383335663730353038383036303135376439386162666435
34343032376166653534356239386134373866646165383239363864303839663230663634666438
30363338323764373831383565336632653665633963646539643032383566613232653663303761
36326639646331383763303131346161643335313066633639323633316334383362373730316531
66613330343431343830353561306539613231353830373965393564376261626136613461663238
32313565393461383939623364323463323164613764316637303338666132393333633937346666
62613863326165643436383130306330633334663166333662386463343563376135333666646637
39313138313865316666333333373230333161326366643937306634393639313261663435383434
63623832346632313565346563313230303062373933363733663637313531383465656164373261
31633364376264613839353837633236326331333061626633373635333534353465346333373232
65336138653766353665623231646534306139373362306333386461626230613330333234303033
39366131386465643439383836343036623032343837373734386331613264383531656162663364
38373138363730373138303331633564303532393533613435323032616332613836346432646662
31343364666331626232373939316263633663353935613566343665303737643463386164353366
38306261373230663635666463373133343333363430356363636635646466633538646361663332
31383734386637636530663861663338333839636335343534323962653166313034666162616438
33653232633965623663313663396464623266643936666334633965616265626335373239346238
33363035613161383165313432323634663938333734613236303438616266393265323333373138
33643566663430643734653863396131353032326265663038653962363762633261363931623435
35316666393031613365626535613961636337303735356337376437316566623833623132653533
33656366313137386562306463366335646139643534356562386334323062343139306430653338
35333266393932613964636535353534636162386532613538383139656136356164303232623639
33393761326361663232313361356533353331653537663130376235626333363138643438326436
38333636353965663965666238323236393665666263613836646531336535316339663437616534
31663238623137636536663062303266363932623632313138303836333166316334373137616238
34326139643530326263623165376663376530343831333536366461373732306231383933363537
34653162303137333337306663663633383134616163633938306263393539353635626138633161
31646135386230323663623964623566646166356361663434666232303061343766633939623465
31353763303766353830346137363236623663306265636664626164386434376238386661313364
66653765323065616263333934393232386431366239623065323163666233623065386361373933
31653861303465326239343634303461383965646331353661343031396332643735373366633538
39636130633234303163396363656539663161333965616364643766663636333063356239373064
37343831643338613264643366363630666133613539333331343734326366313833393566386262
37623032363435326536376235373631346237663437383563353531366536336434373162383136
37386630646332633865303736326162316337313465633633336362646637396630656466383039
37376438376465313439363933366432616364393631643135643536643238616265363932616235
39343230353639613231376133663462636466646363636365393965643537356330326438363863
33336661616330653464613434326436396166633465633336643730303339393362306337613434
61623937626238643030356135313161303737666661346434643734326161393538336663363434
61363264376633653064623536373564633338653830393265383235393361343031626639316461
36646436376639336137393966303438383638656330623365383835393534326162666133643731
37383735613936313565313339643033373336306431396363383537666233643564303735663563
30353262623130386239303864353630316139633461623233316339306637616236623037623861
32383463663734643138666138666133326262353039646436363866663735626139643864346663
61663961366331326230316236636236616534323436323937316166383363383035633465336637
65633234303962646539366533306637373961636232663235343839346139316339393131636538
37636138343565323733663464653631323362386232643864393466636432653462353637653139
63323432393439306437666334313338376134316533376465666630326531373265313030373530
32666435636362353934623730643266346434393233373264343633616431613336343432383437
38323162656266646231343231343032386563386365366666396566663164303866363636373235
30633661653131623533393338663839333337653465383763663032646263663965643534396365
31633734316163653130386637366565356563363832636466373561396337323731386362376263
35316430306562643233653665363931633131383731373262393030396132383361613432376233
66636330306263626130353166663433313732316130393933363364643565353034626536343666
39356464653731633061356261346636633539383563333731316465366636626630623561656232
62613564643538326464326531663766373732663639323130343235656435343730303931323066
34643430653464396363353465373433303935653035633562663764353632613530373837636233
37333163363935353238633932316531633535326634323466393834386662313165363538333638
61353366376135646330663330653766316230316233313939613338323638313039666238623733
65333935346438666235613136363833333335633332303332303536656663626130316232343963
64646163626336353630656334343933383864316338353461653739346437646339346164626236
32343830366231336433326236356233393235356564633564653863303561356661656164633666
38303532653432303736353561653138666432383565343533663936656435646162306439383030
66306330663331333166383166346136346631343435643935623436646564663434363064663164
62303164396636363430373662363138383063393264383036396439316436616231373031613030
35363436353639313835323231663834643732343865303839333064393362663935323037323066
37623036653330343933343366666531653561623638643738636232393739633566306261376630
35343339643361303634376362626334343830316430326364396661616332636130323638343565
61346366316362356436366130643732636535363464363031313339303637323365346464373637
35316466336664343631356437646266633033343531616132323837626638306263386365373137
65363863353430313637613861366466306131353635653535313430393537323235653064356561
65333963363135333131633830363862626361633465353131626233353466316635623137386534
35626132663064386532626533393736346365316238383762666333613234623363613135353336
37396530343137633333353731386336353738306632626439393633373062303963636661383562
64373433373539623262343861613761633138663433643739336266343232303464666434303133
33326263346663363832623465386266323731663236616334366138353134363066656261313037
33373838643730343866666563373230643264353663323464663630313832303561343061616234
36333031636338363037396137393538636164393361666435313733636632376538633232666233
31666531373836343561316430643434633665666533383066613537613438363030373932623536
33636136623130353937383236633535623030323737663430616462366262373561346234616339
37633937363261633932373736353137323764663461636261636239323862666665343531643236
30313532626365363564636164326635326164643464303534613865353865303736376438396366
39663938643163626631626565383361373962363730373337626538376433363261333435623639
33623534623561393966326533313432623134623866366333643635623636363332643133626162
36633435376434653138363730336636313463646263633031666566623566326532393539653238
35373363333135363439343233313462333566343561646261353533643464636461626636313537
65363335343735396637653234656161303930346633396135313330626165326533666339366363
35363664663634646539613930653365623761336461633632303261306262303132353932353164
38303762623761646361653733333036623262353366633363356630326465313531316634663665
35383865353338613865616230623135386535373364346239356232663566376330343338336334
36333038376535616539323132653839316436326461313638643438646464356162663636646137
36316464326364376333393465336663306235333930396537643231636139326363353461386462
37363535353132616162363963616162623537323663613338343138613832306432333963343063
64373233636464313365613364626534323833653637323236383862393065663330396238366238
31343964313733623334636630326366356239646361303735396465396531363836666264653938
66366561646666633233613032303335613637313863313561353533316230666465316530393365
39633136303030353661616164313464323231663061383338613764303130323830663661623832
62363231333361313263653066313332396336633036386536393334663537363538653966376338
33393831303837663135376361663730366462323764363037313533316663313232386162613637
66633566353131383661373866393264326666313933303738343134303565636630346435343337
62616537356235353966656362353538383537633164643739336165353837303337666235323037
39643062383530386664373035343439623565393235643230653335356163356438323933653135
63656533663962303637633666393134663832343464666635326566613734616365343665333966
39303832316635363165386133386433666638363932336338653737623265366332363966613462
66666134626335366138626666363837656462643465663835623737323364356133393461303866
62393430386664643539386465333834633964623836626165323631616466663463373835656137
65613161653638636264626462326465653836316663363163363138356235353664363630613663
36653462643232356665643135383463333763623865393364353165386434623061363439393865
63656161356332613030346637633063613866623839303936623261376432353762393032343362
61646463633636316562636666383162306361653236383230653939613465323239316234366535
61646235356330316237323634303463653435323837363531653739636538656331353864623164
37366333396432376532333639636539613936333461376434363336663564666365393133636133
63336634383733323333643566316530353466653637333538333338323462623561373431643966
38393839373234646536313932376534323565663637636435666330346564666633326264643266
37373364396237346365346131333963666339326537303262373433386361363765396338363462
65656231343039653832663237323833666237653264636531396338653262383361303939383635
32383035636166643032613537663539646365656339323537376164373937626162363032396336
34666536333237373163653037653232373862623935393461313038313162396234666333396631
66313832626137623034353332376433643938383338346436633639396432663830306163663635
32626435646134343832653533373137323232373665646539333066363832316363386139346661
66646536623562376436316133306135393932313033393162343938623661653738613964393839
66323039353331383037623565666262353062393964313536363064653432323035626232636335
61663463396238663038323435303366346434626364356465333461386165333863336462343064
63353165643536363063656439336135313534623132626664356330636664333265316339306530
62366538306561373137653263343865633062373339393834373935393434343234323339303363
63313733363661373430353937326162646532633438646663653931616463623264373730343830
33306139646337333766386238313462326164623938306362656363656330346632366231396661
33313462633163313434343830323338623461306634343130326661313662623831633365386431
66383863613138373430616230633531373564656239373432396630616562343533373035323632
31376631316139656231643737323132623938343936346537306235666564643565303234376538
31363830663637623534316134663035333366303761326462663337323136333736633138613530
65626630653935656235303465353966346362343933643563363162653339396533353136373736
31663832363063623431323430636664366162646464633639643363653163326263363064356362
31376637653962376536306565326436353630383535383832663065396536333232346366323239
63616131626132656561303039353563383965333566656462633336353036366165646162666237
31623930656536343531386534343566663333666464363865343139343166306164326261363034
62643335386235643938653063313932373036613463656135303631346231653461393066393436
35336431346337316536303664363831343262306438396566643463646533613238613365393663
39663563636339343964343838633865643134393666613539313733336537336165633061663163
393736326531623061366662636638363161
